check_density_from_file: <xarray.DataArray 'density' (time_counter: 50)> Size: 400B
array([0.00071595, 0.00092082, 0.0006484 , 0.00055384, 0.00054709,
       0.00044127, 0.0004773 , 0.00043677, 0.0004075 , 0.000403  ,
       0.00038499, 0.00043227, 0.00035572, 0.00034221, 0.00034897,
       0.00029944, 0.00028593, 0.00030844, 0.00035572, 0.00032195,
       0.00030844, 0.00027242, 0.00033996, 0.00027467, 0.00026792,
       0.00028593, 0.00030169, 0.00027692, 0.00028143, 0.00026341,
       0.0002454 , 0.00027917, 0.00028143, 0.00020713, 0.00030619,
       0.00022289, 0.00025666, 0.00023865, 0.00025216, 0.00027017,
       0.00031745, 0.00026341, 0.00029043, 0.00028368, 0.00026567,
       0.00023189, 0.0002409 , 0.00025216, 0.0002409 , 0.00021388])
Coordinates:
  * time_counter  (time_counter) float64 400B -5.905e+10 ... -5.753e+10
check_density_computed: <xarray.DataArray (time_counter: 50)> Size: 400B
array([0.01614479, 0.00905738, 0.00898084, 0.00932755, 0.00928252,
       0.00955719, 0.00903262, 0.00880748, 0.00839097, 0.0082739 ,
       0.00816358, 0.00800373, 0.00799923, 0.00760073, 0.00741386,
       0.00715045, 0.00698835, 0.00701761, 0.00713018, 0.00697709,
       0.00680148, 0.00676996, 0.00671593, 0.00677221, 0.00656283,
       0.00640749, 0.00680148, 0.00646827, 0.00638497, 0.0064345 ,
       0.00642099, 0.00641649, 0.00639398, 0.00642775, 0.00641199,
       0.00648854, 0.00647052, 0.00625439, 0.00634445, 0.00629492,
       0.00618685, 0.00627916, 0.00618009, 0.00591443, 0.00598197,
       0.00601124, 0.00595721, 0.00612156, 0.00614182, 0.00624088])
Coordinates:
  * time_counter  (time_counter) float64 400B -5.905e+10 ... -5.753e+10
temperature_500m_30NS_metric: <xarray.DataArray (time_counter: 50)> Size: 400B
array([4.90448872, 4.601656  , 4.46674859, 4.38521416, 4.31896293,
       4.26012481, 4.20900246, 4.16382454, 4.10598341, 4.04779599,
       3.99047708, 3.93976066, 3.89954792, 3.8636812 , 3.83203385,
       3.80644243, 3.78638544, 3.76980607, 3.75429831, 3.73798509,
       3.71993465, 3.69988917, 3.67838082, 3.6564119 , 3.63507255,
       3.61491564, 3.5959378 , 3.5777776 , 3.56009156, 3.54260229,
       3.52518234, 3.5078034 , 3.49049601, 3.47336707, 3.45639617,
       3.43975718, 3.42361088, 3.4078604 , 3.39251398, 3.37747972,
       3.36282383, 3.34845426, 3.33441966, 3.32070144, 3.30733331,
       3.29429169, 3.28156542, 3.26914145, 3.25701531, 3.24513938])
Coordinates:
    depth         float32 4B 513.9
  * time_counter  (time_counter) float64 400B -5.905e+10 ... -5.753e+10
temperature_BWbox_metric: <xarray.DataArray (time_counter: 50)> Size: 400B
array([10.97669246, 11.51530836, 11.76110375, 11.90633362, 12.00321166,
       12.07977481, 12.14478557, 12.20158898, 12.25254661, 12.29828688,
       12.33885869, 12.37460644, 12.40627982, 12.43491981, 12.46085542,
       12.48419946, 12.50532047, 12.5246631 , 12.54257013, 12.55930636,
       12.57508368, 12.59005575, 12.60429895, 12.61791894, 12.63087416,
       12.64317145, 12.65484496, 12.66601147, 12.67676386, 12.68717883,
       12.69723964, 12.70690038, 12.71618622, 12.72508162, 12.73360985,
       12.74179099, 12.74968137, 12.75729878, 12.76463507, 12.77175193,
       12.77862851, 12.78525332, 12.79160488, 12.79768463, 12.80351602,
       12.80910065, 12.81446078, 12.81961193, 12.82453714, 12.82925971])
Coordinates:
  * time_counter  (time_counter) float64 400B -5.905e+10 ... -5.753e+10
temperature_DWbox_metric: <xarray.DataArray (time_counter: 50)> Size: 400B
array([0.00060387, 0.00153691, 0.0023541 , 0.00301759, 0.00357061,
       0.00408299, 0.0044596 , 0.00511341, 0.00575035, 0.00629754,
       0.00673836, 0.00706017, 0.00737508, 0.0076726 , 0.00793234,
       0.00816813, 0.0083769 , 0.00856881, 0.00874133, 0.0088753 ,
       0.00896805, 0.00901617, 0.00901653, 0.00898023, 0.00892567,
       0.00886518, 0.00880763, 0.00875319, 0.00870576, 0.00866335,
       0.00862176, 0.00857354, 0.00851265, 0.00843918, 0.0083576 ,
       0.00827799, 0.00820724, 0.00814635, 0.00809678, 0.00804458,
       0.00799749, 0.00794865, 0.00789838, 0.0078477 , 0.00779701,
       0.00774776, 0.00770046, 0.00765511, 0.00761047, 0.00756613])
Coordinates:
  * time_counter  (time_counter) float64 400B -5.905e+10 ... -5.753e+10
ACC_Drake_metric: <xarray.DataArray (time_counter: 50)> Size: 400B
array([ 57.37718015,  68.07145804,  74.81372703,  81.03736314,
        87.05645103,  93.01817881,  98.78470619, 106.41610988,
       112.80608437, 118.07916927, 122.55430965, 126.70868107,
       130.94941942, 134.77914261, 138.15106807, 141.35143154,
       144.31528582, 147.07601506, 149.61124396, 151.89646812,
       154.0462782 , 156.01770402, 157.87262068, 159.61316779,
       161.26900356, 162.83739708, 164.33931845, 165.7585199 ,
       167.1631418 , 168.54422797, 169.89428083, 171.20181405,
       172.4461879 , 173.61536894, 174.72964544, 175.74963134,
       176.74854188, 177.72949075, 178.75853954, 179.72238978,
       180.67928058, 181.5985905 , 182.48965868, 183.3590099 ,
       184.21353681, 185.04658256, 185.85818776, 186.65512661,
       187.43753189, 188.19879426])
Coordinates:
  * time_counter  (time_counter) float64 400B -5.905e+10 ... -5.753e+10
NASTG_BSF_max: <xarray.DataArray (time_counter: 50)> Size: 400B
array([27.70403748, 28.28411931, 28.10058804, 27.52021165, 26.48325789,
       30.7570156 , 36.00702893, 42.37447467, 49.83443847, 58.07487935,
       63.10868897, 66.72873495, 69.94019685, 72.11656276, 73.96684896,
       75.4786284 , 77.19152673, 78.20600291, 78.10173446, 77.81674406,
       76.56690886, 74.86250504, 73.1475514 , 71.69832676, 70.85358272,
       70.44288458, 70.17332137, 69.82027462, 69.3299864 , 68.70141022,
       67.97397697, 67.16991058, 66.33936844, 65.58303262, 64.97129436,
       64.57353127, 64.27036195, 63.99743391, 63.70345843, 63.31978632,
       62.92766059, 62.48542215, 62.04800493, 61.62064422, 61.22698238,
       60.88825864, 60.5999891 , 60.34286171, 60.11130118, 59.8566571 ])
Coordinates:
  * time_counter  (time_counter) float64 400B -5.905e+10 ... -5.753e+10
    depth         float32 4B 5.034
